180
159 185 140 169 0 0 255
140 169 137 153 0 0 255
137 153 146 141 0 0 255
146 141 154 128 0 0 255
154 128 142 111 0 0 255
142 111 125 116 0 0 255
125 116 126 138 0 0 255
126 138 114 168 0 0 255
114 168 100 192 0 0 255
100 192 82 210 0 0 255
82 210 59 216 0 0 255
59 216 33 207 0 0 255
33 207 13 185 0 0 255
13 185 3 155 0 0 255
3 155 0 122 0 0 255
0 122 10 82 0 0 255
10 82 25 55 0 0 255
25 55 46 24 0 0 255
46 24 69 7 0 0 255
69 7 93 1 0 0 255
93 1 118 0 0 0 255
118 0 143 12 0 0 255
143 12 150 46 0 0 255
150 46 163 53 0 0 255
163 53 165 73 0 0 255
165 73 187 98 0 0 255
187 98 201 124 0 0 255
201 124 211 148 0 0 255
211 148 238 143 0 0 255
238 143 261 124 0 0 255
261 124 282 125 0 0 255
282 125 302 131 0 0 255
302 131 321 124 0 0 255
321 124 311 94 0 0 255
311 94 293 85 0 0 255
293 85 284 71 0 0 255
284 71 278 47 0 0 255
278 47 287 30 0 0 255
287 30 305 22 0 0 255
305 22 326 14 0 0 255
326 14 345 9 0 0 255
345 9 373 5 0 0 255
373 5 402 8 0 0 255
402 8 421 18 0 0 255
421 18 444 38 0 0 255
444 38 448 71 0 0 255
448 71 441 97 0 0 255
441 97 434 117 0 0 255
434 117 470 125 0 0 255
470 125 504 136 0 0 255
504 136 533 141 0 0 255
533 141 572 143 0 0 255
572 143 604 131 0 0 255
604 131 573 155 0 0 255
573 155 553 153 0 0 255
553 153 522 153 0 0 255
522 153 493 148 0 0 255
493 148 477 141 0 0 255
477 141 456 134 0 0 255
456 134 431 136 0 0 255
431 136 412 138 0 0 255
412 138 396 151 0 0 255
396 151 378 156 0 0 255
378 156 359 156 0 0 255
359 156 344 155 0 0 255
344 155 323 167 0 0 255
323 167 329 170 0 0 255
329 170 342 168 0 0 255
342 168 353 165 0 0 255
353 165 360 165 0 0 255
360 165 375 163 0 0 255
375 163 392 165 0 0 255
392 165 402 183 0 0 255
402 183 408 209 0 0 255
408 209 402 233 0 0 255
402 233 382 257 0 0 255
382 257 361 265 0 0 255
361 265 348 265 0 0 255
348 265 339 261 0 0 255
339 261 311 258 0 0 255
311 258 291 266 0 0 255
291 266 266 276 0 0 255
266 276 253 288 0 0 255
253 288 248 301 0 0 255
248 301 262 295 0 0 255
262 295 274 296 0 0 255
274 296 289 301 0 0 255
289 301 305 310 0 0 255
305 310 326 320 0 0 255
326 320 339 333 0 0 255
339 333 349 347 0 0 255
349 347 361 368 0 0 255
361 368 374 347 0 0 255
374 347 389 335 0 0 255
389 335 409 327 0 0 255
409 327 432 329 0 0 255
432 329 450 339 0 0 255
450 339 464 355 0 0 255
464 355 472 375 0 0 255
472 375 477 402 0 0 255
477 402 472 430 0 0 255
472 430 457 452 0 0 255
457 452 440 462 0 0 255
440 462 421 464 0 0 255
421 464 402 460 0 0 255
402 460 386 449 0 0 255
386 449 377 439 0 0 255
377 439 368 425 0 0 255
368 425 359 445 0 0 255
359 445 348 463 0 0 255
348 463 333 476 0 0 255
333 476 321 486 0 0 255
321 486 312 490 0 0 255
312 490 334 499 0 0 255
334 499 350 516 0 0 255
350 516 358 544 0 0 255
358 544 348 575 0 0 255
348 575 335 588 0 0 255
335 588 315 595 0 0 255
315 595 291 600 0 0 255
291 600 271 596 0 0 255
271 596 254 585 0 0 255
254 585 239 572 0 0 255
239 572 229 549 0 0 255
229 549 230 524 0 0 255
230 524 237 512 0 0 255
237 512 245 506 0 0 255
245 506 262 500 0 0 255
262 500 238 498 0 0 255
238 498 218 491 0 0 255
218 491 200 480 0 0 255
200 480 179 463 0 0 255
179 463 167 462 0 0 255
167 462 157 458 0 0 255
157 458 151 444 0 0 255
151 444 145 432 0 0 255
145 432 145 417 0 0 255
145 417 146 401 0 0 255
146 401 150 387 0 0 255
150 387 154 368 0 0 255
154 368 165 352 0 0 255
165 352 172 338 0 0 255
172 338 163 325 0 0 255
163 325 153 314 0 0 255
153 314 128 311 0 0 255
128 311 133 324 0 0 255
133 324 143 337 0 0 255
143 337 148 358 0 0 255
148 358 142 380 0 0 255
142 380 130 389 0 0 255
130 389 119 391 0 0 255
119 391 121 407 0 0 255
121 407 116 425 0 0 255
116 425 99 434 0 0 255
99 434 81 434 0 0 255
81 434 68 427 0 0 255
68 427 57 411 0 0 255
57 411 43 414 0 0 255
43 414 27 405 0 0 255
27 405 19 384 0 0 255
19 384 23 374 0 0 255
23 374 13 364 0 0 255
13 364 12 347 0 0 255
12 347 19 324 0 0 255
19 324 26 312 0 0 255
26 312 37 300 0 0 255
37 300 51 293 0 0 255
51 293 67 287 0 0 255
67 287 80 289 0 0 255
80 289 94 278 0 0 255
94 278 100 268 0 0 255
100 268 124 265 0 0 255
124 265 136 265 0 0 255
136 265 146 269 0 0 255
146 269 139 255 0 0 255
139 255 142 237 0 0 255
142 237 145 223 0 0 255
145 223 150 207 0 0 255
150 207 153 195 0 0 255
153 195 159 185 0 0 255
