172
259 273 264 254 0 0 255
264 254 265 243 0 0 255
265 243 264 229 0 0 255
264 229 262 217 0 0 255
262 217 262 206 0 0 255
262 206 260 192 0 0 255
260 192 260 178 0 0 255
260 178 260 168 0 0 255
260 168 259 156 0 0 255
259 156 264 143 0 0 255
264 143 265 135 0 0 255
265 135 275 150 0 0 255
275 150 273 137 0 0 255
273 137 271 125 0 0 255
271 125 270 112 0 0 255
270 112 276 93 0 0 255
276 93 281 78 0 0 255
281 78 281 64 0 0 255
281 64 287 51 0 0 255
287 51 293 40 0 0 255
293 40 293 60 0 0 255
293 60 301 65 0 0 255
301 65 301 54 0 0 255
301 54 303 42 0 0 255
303 42 306 29 0 0 255
306 29 312 23 0 0 255
312 23 320 14 0 0 255
320 14 326 7 0 0 255
326 7 323 23 0 0 255
323 23 331 18 0 0 255
331 18 332 12 0 0 255
332 12 337 7 0 0 255
337 7 343 0 0 0 255
343 0 350 0 0 0 255
350 0 350 17 0 0 255
350 17 362 10 0 0 255
362 10 362 25 0 0 255
362 25 362 46 0 0 255
362 46 368 40 0 0 255
368 40 378 35 0 0 255
378 35 376 50 0 0 255
376 50 370 62 0 0 255
370 62 367 75 0 0 255
367 75 367 85 0 0 255
367 85 376 81 0 0 255
376 81 384 78 0 0 255
384 78 378 92 0 0 255
378 92 373 104 0 0 255
373 104 371 120 0 0 255
371 120 378 120 0 0 255
378 120 384 120 0 0 255
384 120 384 137 0 0 255
384 137 389 159 0 0 255
389 159 396 175 0 0 255
396 175 398 204 0 0 255
398 204 398 225 0 0 255
398 225 396 248 0 0 255
396 248 392 268 0 0 255
392 268 384 292 0 0 255
384 292 371 309 0 0 255
371 309 384 307 0 0 255
384 307 400 296 0 0 255
400 296 407 290 0 0 255
407 290 418 285 0 0 255
418 285 432 296 0 0 255
432 296 437 301 0 0 255
437 301 445 306 0 0 255
445 306 450 312 0 0 255
450 312 457 320 0 0 255
457 320 464 326 0 0 255
464 326 454 340 0 0 255
454 340 440 346 0 0 255
440 346 426 360 0 0 255
426 360 423 368 0 0 255
423 368 415 381 0 0 255
415 381 407 373 0 0 255
407 373 400 367 0 0 255
400 367 384 360 0 0 255
384 360 364 357 0 0 255
364 357 357 368 0 0 255
357 368 362 382 0 0 255
362 382 356 393 0 0 255
356 393 345 403 0 0 255
345 403 343 417 0 0 255
343 417 345 437 0 0 255
345 437 334 456 0 0 255
334 456 326 471 0 0 255
326 471 318 475 0 0 255
318 475 310 478 0 0 255
310 478 307 487 0 0 255
307 487 300 495 0 0 255
300 495 289 501 0 0 255
289 501 281 515 0 0 255
281 515 273 520 0 0 255
273 520 256 532 0 0 255
256 532 240 542 0 0 255
240 542 221 551 0 0 255
221 551 217 562 0 0 255
217 562 204 564 0 0 255
204 564 193 562 0 0 255
193 562 179 562 0 0 255
179 562 185 575 0 0 255
185 575 190 592 0 0 255
190 592 179 589 0 0 255
179 589 175 581 0 0 255
175 581 170 571 0 0 255
170 571 157 568 0 0 255
157 568 148 564 0 0 255
148 564 146 575 0 0 255
146 575 151 585 0 0 255
151 585 157 600 0 0 255
157 600 146 600 0 0 255
146 600 139 589 0 0 255
139 589 139 581 0 0 255
139 581 139 573 0 0 255
139 573 134 562 0 0 255
134 562 132 579 0 0 255
132 579 132 595 0 0 255
132 595 121 585 0 0 255
121 585 121 565 0 0 255
121 565 128 550 0 0 255
128 550 140 532 0 0 255
140 532 151 518 0 0 255
151 518 162 504 0 0 255
162 504 175 492 0 0 255
175 492 184 473 0 0 255
184 473 196 451 0 0 255
196 451 207 432 0 0 255
207 432 220 415 0 0 255
220 415 226 401 0 0 255
226 401 234 382 0 0 255
234 382 234 367 0 0 255
234 367 228 348 0 0 255
228 348 210 360 0 0 255
210 360 198 365 0 0 255
198 365 182 367 0 0 255
182 367 168 364 0 0 255
168 364 159 356 0 0 255
159 356 153 343 0 0 255
153 343 150 332 0 0 255
150 332 145 321 0 0 255
145 321 128 309 0 0 255
128 309 117 298 0 0 255
117 298 92 281 0 0 255
92 281 73 265 0 0 255
73 265 56 245 0 0 255
56 245 35 237 0 0 255
35 237 18 225 0 0 255
18 225 1 210 0 0 255
1 210 0 196 0 0 255
0 196 4 192 0 0 255
4 192 10 192 0 0 255
10 192 10 203 0 0 255
10 203 18 212 0 0 255
18 212 31 212 0 0 255
31 212 46 212 0 0 255
46 212 59 214 0 0 255
59 214 81 225 0 0 255
81 225 100 240 0 0 255
100 240 118 253 0 0 255
118 253 131 265 0 0 255
131 265 145 281 0 0 255
145 281 151 292 0 0 255
151 292 160 282 0 0 255
160 282 168 276 0 0 255
168 276 184 278 0 0 255
184 278 200 287 0 0 255
200 287 210 292 0 0 255
210 292 223 289 0 0 255
223 289 232 285 0 0 255
232 285 246 281 0 0 255
246 281 259 273 0 0 255
